0 0.475625 0.207500 0.056250 0.050000
0 0.479375 0.756250 0.041250 0.047500
0 0.108750 0.537500 0.057500 0.060000
0 0.579375 0.772500 0.046250 0.050000
0 0.598125 0.646250 0.028750 0.062500
0 0.630000 0.638750 0.025000 0.042500
0 0.831250 0.563750 0.035000 0.042500
0 0.985000 0.592500 0.030000 0.045000
0 0.661875 0.637500 0.018750 0.030000
1 0.150000 0.103750 0.070000 0.142500
1 0.480000 0.336250 0.075000 0.157500
1 0.511250 0.878750 0.085000 0.162500
1 0.596875 0.918750 0.078750 0.162500
1 0.625625 0.748750 0.056250 0.152500
1 0.838750 0.685000 0.065000 0.150000
1 0.022500 0.872500 0.042500 0.190000
