1 0.409375 0.416667 0.032813 0.091667
1 0.476172 0.370833 0.025781 0.069444
1 0.436328 0.366667 0.017969 0.044444
1 0.587109 0.304167 0.027344 0.063889
1 0.348438 0.352778 0.015625 0.036111
1 0.382422 0.338889 0.022656 0.030556
1 0.810937 0.295139 0.021875 0.062500
0 0.490234 0.557639 0.072656 0.098611
0 0.492188 0.469444 0.043750 0.055556
0 0.580859 0.245139 0.019531 0.023611
0 0.812109 0.249306 0.014844 0.018056
0 0.207813 0.274306 0.012500 0.029167
0 0.173828 0.335417 0.017969 0.023611
0 0.307812 0.346528 0.014063 0.015278
0 0.561719 0.347917 0.018750 0.023611
